Non - Cancerous

12.32,12.39,78.85,464.1,0.1028,0.069,0.03987,0.037,0.1959,0.05955,0.236,0.6656,1.67,17.43,0.008045,0.0118,0.01683,0.01241,0.01924,0.002248,13.5,15.64,86.97,549.1,0.1526,0.1962,0.1866,0.08288,0.321,0.07863

11.75,17.56,75.89,422.9,0.1074,0.08434,0.0462,0.0389,0.1847,0.06019,0.235,0.8887,1.769,18.2,0.007444,0.01682,0.01514,0.01318,0.01819,0.002427,12.47,23.04,81.74,510.9,0.1417,0.2543,0.2346,0.1235,0.255,0.0848

Cancerous

17.99,10.38,122.8,1001.0,0.1184,0.2776,0.3001,0.1471,0.2419,0.07871,1.095,0.9053,8.589,153.4,0.006399,0.04904,0.05373,0.01587,0.03003,0.006193,25.38,17.33,184.6,2019.0,0.1622,0.6656,0.7119,0.2654,0.4601,0.1189

20.57,17.77,132.9,1326.0,0.08474,0.07864,0.0869,0.07017,0.1812,0.05667,0.5435,0.7339,3.398,74.08,0.005225,0.01308,0.0186,0.0134,0.01389,0.003532,24.99,23.41,158.8,1956.0,0.1238,0.1866,0.2416,0.186,0.275,0.08902